           1.20
           4.70
           9.00
           9.40
           3.20
           0.50
           4.70
           0.80
           4.60
           4.50
           4.60
           8.90
           9.80
           4.10
           2.30
           7.70
           6.20
           2.50
           4.00
           2.00
           9.40
           5.50
           9.30
           2.80
           7.80
           1.10
           6.30
           5.20
           6.30
           3.80
           0.10
           2.90
           7.90
           9.30
           4.60
           5.80
           2.30
           9.50
           9.60
           0.20
           7.00
           2.00
           1.10
           3.40
           2.60
           4.50
           2.80
           8.70
           9.80
           0.40
           7.10
           5.90
           5.70
           0.70
           6.80
           3.80
           5.90
           9.00
           6.00
           6.10
           7.70
           5.60
           1.20
           9.70
           6.50
           9.00
           5.60
           1.70
           3.60
           8.70
           2.70
           1.90
           6.50
           3.50
           4.50
           4.70
           3.80
           6.60
           4.60
           7.20
           1.80
           5.60
           9.10
          10.00
           4.20
           1.10
           6.30
           4.80
           5.00
          10.00
           7.30
           4.70
           4.00
           2.40
           4.50
          10.00
           3.10
           3.00
           7.80
           1.80
           4.60
           7.20
           3.90
           3.70
           5.80
           8.40
           3.20
           5.40
           3.50
           7.10
           3.00
          10.00
           8.20
           2.20
           0.70
           9.60
           2.30
           5.80
           6.70
           5.00
           3.40
           6.90
           3.20
           1.80
           1.20
           9.70
           6.30
           5.00
           6.90
           6.70
           8.10
           1.50
           6.10
           7.50
           8.90
           8.50
           5.20
           3.90
           2.60
           4.50
           3.00
           9.00
           7.80
           2.30
           9.40
           0.60
           6.70
           9.50
           8.80
           6.20
           2.60
           1.20
           3.70
           5.60
           2.70
           7.50
           7.50
           7.30
           0.40
           4.70
           9.70
           8.20
           0.90
           6.30
           0.10
           6.20
           4.20
           3.10
           9.70
           5.70
           3.90
           5.40
           5.10
           2.70
           8.90
           4.40
           3.10
           3.20
           0.60
           4.30
           2.40
           7.40
           0.50
           2.60
           2.80
           9.50
           8.10
           1.60
           6.00
           9.20
           8.20
           8.40
           6.50
           1.90
           5.20
           9.00
           2.60
           6.00
           3.50
           4.70
Total:  1038.00
